321
1
5 4 5 3 5 3 3 4 
Тест
Фурзиков Борис Фёдорович 
М
2020 8 31 9 13 15 
321
2
5 5 5 5 5 5 5 5 
Вечерняя
Агранов Алексей Анатольевич 
М
2020 8 31 15 18 12 
321
3
5 5 5 5 5 5 5 5 
Вечерняя
Антрошенко Мария Анатольевна 
Ж
2020 8 31 20 16 20 
321
4
4 4 4 4 4 4 4 5 
Вечерняя
Бабурина Евгения Петровна 
Ж
2020 9 1 11 13 17 
321
5
5 5 5 5 5 5 5 5 
Вечерняя
Иванова Екатерина Ивановна 
Ж
2020 9 2 17 13 22 
321
6
4 3 4 4 5 5 5 5 
Вечерняя
Куренков Георгий Петрович 
М
2020 9 3 11 10 15 
321
7
5 5 5 5 5 5 5 5 
Вечерняя
Феллер Владимир Иванович 
М
2020 9 10 22 11 11 
323
1
5 5 5 5 5 5 5 5 
Вечерняя
Атлас Мария Ивановна 
Ж
2020 9 1 9 5 11 
323
2
4 3 5 4 4 5 3 5 
Вечерняя
Землянский Дмитрий Иванович 
М
2020 9 1 9 7 45 
323
3
5 5 5 5 5 5 5 5 
Вечерняя
Балашевич Константин Костантинович 
М
2020 9 1 11 25 35 
323
4
4 5 4 5 4 5 4 5 
Вечерняя
Ткаченко Юлия Сергеевна 
Ж
2020 9 2 18 12 11 
323
5
4 5 3 4 5 4 5 5 
Вечерняя
Мартынов Александр Александрович 
М
2020 9 2 19 11 10 
323
6
5 4 3 4 5 5 4 5 
Вечерняя
Пикинер Денис Харитонович 
М
2020 9 3 15 38 17 
323
7
5 4 5 4 3 5 5 5 
Вечерняя
Балякина Вероника Ивановна 
Ж
2020 9 3 15 45 39 
324
1
5 5 5 5 5 5 5 5 
Вечерняя
Балашова Мария Ивановна 
Ж
2020 8 30 11 12 55 
324
2
4 3 5 3 4 5 5 5 
Вечерняя
Городниченко Тимофей Кирилович 
М
2020 8 30 17 57 7 
324
3
4 5 4 5 5 4 4 5 
Вечерняя
Палий Виктор Викторович 
М
2020 8 31 9 11 57 
324
4
5 5 5 5 5 5 5 5 
Вечерняя
Жигалова Дарья Сергеевна 
Ж
2020 8 31 13 45 57 
324
5
5 5 5 5 5 5 5 4 
Вечерняя
Чиж Илья Владимирович 
М
2020 8 31 17 35 22 
324
6
4 4 5 5 5 5 5 5 
Вечерняя
Сотина Елизавета Петровна 
Ж
2020 8 31 17 37 49 
324
7
5 5 5 5 5 5 5 3 
Вечерняя
Рысиков Роман Романович 
М
2020 9 1 19 5 3 
333
1
5 5 5 5 5 5 5 5 
Дневная
Титов Иван Иванович 
М
2020 8 31 9 10 13 
333
2
5 4 4 4 4 4 4 5 
Дневная
Смирнова Анна Дмитриевна 
Ж
2020 8 31 9 12 25 
333
3
5 5 3 5 5 5 5 5 
Дневная
Петров Петр Петрович 
М
2020 8 31 9 14 33 
1
1
5 5 5 5 5 5 5 5 
Дневная
Тестов Тест Русский 
М
2020 9 1 9 47 22 